0.040569 60
2.219066 4
0.407408 11
0.479473 15
0.348419 11
0.252135 15
0.223501 14
0.204083 4
0.177048 22
1.019027 4
0.502245 4
0.034292 4
0.030715 4
0.030948 4
0.031478 4
0.031264 4
0.031136 4
0.030753 4
0.031674 4
0.030855 1
0.031525 1
0.031004 1
0.031417 1
0.033008 1
0.032073 1
0.032791 1
19.176759 40
1.538489 92
9.809433 26
2.998608 79
2.671577 1
1.123087 4
0.678041 26
0.535256 48
0.539901 55
0.766725 11
0.889723 1035
29.913046 64
0.040478 64
0.039069 64
0.022344 64
0.060345 64
0.035087 64
0.064439 64
0.060324 64
0.051354 64
0.022024 64
0.037166 64
0.030167 64
0.028831 64
0.043924 64
0.037913 64
0.062320 64
0.082029 64
0.075196 64
1.237187 64
0.064836 64
0.042833 64
0.059814 64
0.116032 64
0.050127 64
0.069555 64
0.097313 64
0.167186 64
0.114554 64
0.169302 64
0.394300 64
0.587516 64
0.167450 64
0.341989 64
4.875989 64
0.113850 64
2.617633 64
0.183897 64
0.148604 64
2.624567 64
0.035649 64
0.029382 64
0.053966 64
0.043269 64
0.070956 64
0.052684 64
0.071448 64
4.420961 64
0.055056 64
0.109506 64
0.082466 64
0.216285 64
0.369028 64
0.044822 64
0.288427 64
0.114103 64
40.751395 64
0.050362 64
0.021642 64
0.023384 64
0.024833 64
0.037651 64
0.515457 64
0.016306 64
0.052341 64
62.255451 1
0.928585 1
0.665987 1
2.131369 134
3.724337 1
1.713827 1
0.325648 1
2.964046 107
20.197899 64
0.026716 64
0.046608 64
0.035854 64
0.035668 64
0.038152 64
0.039052 64
0.036786 64
0.019477 64
0.038215 64
0.024322 64
0.025733 64
0.024437 64
0.026462 64
0.025739 64
0.046018 64
0.078284 64
0.110854 64
0.168509 64
0.098858 64
0.094799 64
1.138043 64
0.065505 64
0.334217 64
4.019414 64
1.149287 64
18.237962 64
0.029827 64
0.051224 64
0.025953 64
0.046959 64
0.040618 64
0.055711 64
0.025205 64
0.036544 64
0.051238 64
20.798820 54
1.262816 106
9.127873 1
2.600128 1
0.295026 1
1.911679 1
1.300746 1
0.160362 1
1.252748 1
1.471889 162
14.272420 64
0.043916 64
0.063060 64
0.082660 64
0.061493 64
0.038442 64
0.050728 64
0.056577 64
0.062407 64
0.073173 64
0.100677 64
0.063986 64
0.030992 64
0.055191 64
0.090816 64
0.150782 64
0.305518 64
0.037699 64
0.060098 64
0.311924 64
0.038138 64
0.081625 64
1.457425 64
30.506722 64
0.060699 64
0.026942 64
0.029710 64
0.030121 64
0.028392 64
0.036166 64
0.029442 64
0.029803 64
0.044091 64
0.202960 64
0.048921 64
0.038856 64
11.912938 1
0.278670 1
0.665387 1
0.175081 1
1.173377 8
