0.008125 32
13.501481 4
0.376354 20
0.843946 59
0.599274 32
0.958987 4
0.500064 4
0.032221 4
0.031099 4
0.031341 4
0.032014 4
0.032392 4
0.031843 4
0.032266 4
0.031897 4
0.031870 4
0.031734 4
0.031257 4
0.031594 4
0.032256 4
0.032043 4
0.032439 4
0.030737 4
0.031564 4
0.032236 4
0.031241 4
0.032035 4
0.032567 4
0.030941 4
0.032326 4
0.035998 4
0.025185 1
0.030570 1
0.030645 1
0.030091 1
0.031067 1
0.032022 1
0.031971 1
0.032445 1
0.031504 1
0.552531 1
0.123924 1
0.380593 1
1.707566 1
0.804556 1
0.387354 1
0.824082 1
0.127749 1
1.230114 1
0.250361 1
0.499677 1
0.132091 1
0.343748 1
0.356134 1
0.159822 1
2.813009 1473
9.740252 36
0.145585 36
0.083982 36
0.058320 36
0.075323 36
0.047130 36
0.063302 36
0.038156 36
0.049477 36
0.043940 36
0.090896 36
0.072447 36
0.090929 36
0.087061 36
0.071654 36
0.059822 36
0.057524 36
0.051619 36
0.074599 36
0.068934 36
0.060579 36
0.075279 36
0.073584 36
6.125862 36
62.173018 36
0.047376 36
0.075659 36
0.028680 36
0.029480 36
0.029146 36
0.033240 36
0.028001 36
0.026746 36
0.032271 36
0.026794 36
0.028243 36
0.027148 36
0.037922 36
0.041603 36
0.023587 36
0.052152 36
0.038783 36
0.085099 36
0.082019 36
0.063597 36
127.714009 72
2.029525 1
0.500666 1
0.030359 1
0.029027 1
0.030582 240
0.030522 1
0.031424 1
0.033625 1
0.027676 1
0.033301 1
0.031317 1
0.031415 1
0.031103 1
0.030685 1
0.031760 1
0.030286 1
0.031293 1
0.031072 1
0.031112 1
0.034949 1
0.027738 1
0.032101 1
0.032041 1
0.031639 1
0.030221 1
0.031383 1
0.032248 1
0.032020 1
0.031266 1
0.032340 1
0.031482 1
0.031224 1
0.030698 1
0.032086 1
0.032228 1
0.031920 1
0.036979 1
0.030995 1
0.032437 1
0.031196 1
0.031918 1
0.031971 1
0.031739 1
0.032272 1
0.030906 1
0.031547 1
0.032112 1
0.032503 1
0.031449 1
0.031391 1
0.031240 1
0.031531 1
0.031895 1
0.031408 1
0.031240 1
0.031804 1
0.031315 1
0.031719 1
0.031292 1
0.031509 1
0.031849 1
1.014424 3
0.719220 128
0.273430 125
0.722516 119
0.329941 3
0.255135 3
0.220193 3
0.312155 3
0.682716 137
0.124234 128
2.269280 3
0.503818 3
0.027902 3
0.033802 3
0.029677 3
0.031085 3
0.028915 3
0.032821 3
0.029458 3
0.029837 3
0.031393 3
0.030534 3
0.031790 3
0.031833 3
0.030367 3
0.030694 3
0.031040 3
0.029243 3
0.030140 3
0.031330 3
0.030831 3
0.029755 3
0.030427 3
0.029962 3
0.032655 3
0.029979 3
0.027931 3
0.031842 3
0.030987 3
0.028865 3
9.868841 1
0.223585 1
0.212037 1
0.180734 1
0.179233 1
0.184366 1
0.195756 1
0.192101 1
0.184866 1
0.178967 1
0.205075 1
0.542021 175
2.539835 166
1.788947 3
0.499200 3
0.029410 3
0.030012 3
0.031869 3
0.030398 3
0.030188 3
9.223011 3
0.286275 3
8.348053 3
0.500275 3
0.030920 3
0.029393 3
0.029727 3
0.030652 3
0.031097 3
0.028588 3
0.251340 3
0.239772 3
0.248013 3
0.708004 3
0.255667 3
0.460330 3
0.260426 3
0.227643 3
0.236111 3
0.375468 227
0.886458 3
0.258951 3
0.247410 3
0.255588 3
0.243399 3
1.928694 3
0.288081 3
0.212001 3
0.196232 3
0.203530 3
0.173033 3
0.191881 1
0.427493 1
0.207714 1
0.652501 240
0.747454 3
5.703907 5
1.143634 32
11.366970 1
0.312008 1
0.200161 1
1.291926 1
0.920090 1
0.343822 1
0.123936 1
1.911963 1
0.916120 1
0.135993 1
0.712547 1
0.251481 1
0.404362 1
15.005233 2
0.069965 32
88.850144 40
2.079066 2
0.490049 32
10.913590 1
0.291702 1
0.303700 1
0.324151 1
1.231959 4
0.156131 4
0.171834 4
0.203912 4
0.956219 1
0.139686 1
0.244191 1
0.323701 1
0.676092 1
0.196098 1
0.579951 1
1.748617 1
1.352049 1
0.119550 1
0.284380 1
0.307834 1
0.380019 1
2.840751 1
0.204297 1
0.167908 1
0.167745 1
0.224127 1
1.163139 11
0.095826 11
0.159859 11
21.781193 2
0.047251 183
0.035895 32
176.584403 1
0.275294 1
0.215680 1
0.324352 1
0.511547 1
0.220226 1
0.192127 1
1.843806 1
0.668100 1
0.147852 1
0.267765 1
0.240093 1
0.392308 1
4.509577 2
0.066144 32
1.591920 1
0.144252 1
0.259799 1
0.200124 1
0.204107 1
0.793147 1
0.782715 1
0.728036 1
0.231942 1
1.280202 4
0.196047 1
1.079815 1
0.188185 1
0.643775 1
4.982761 47
12.237546 62
5.643902 2
0.009085 54
0.000075 32
38.314462 1
0.128130 1
0.436081 1
0.563886 1
1.907999 1
1.012408 1
0.867937 1
0.147551 1
0.532714 1
0.823438 1
0.263872 1
0.171932 1
1.040240 1
0.243804 1
0.208137 1
5.485251 1626
34.310248 36
0.029785 36
0.044762 36
0.062260 36
0.035852 36
0.057879 36
0.051111 36
0.037092 36
0.015530 36
0.039140 36
0.074163 36
0.040609 36
0.018557 36
0.047810 36
0.050685 36
0.035157 36
0.050625 36
0.023756 36
0.044200 36
0.021227 36
0.039712 36
0.044488 36
0.044581 36
0.048066 36
0.079126 36
0.460753 36
0.043201 36
0.107457 36
0.067906 36
0.111643 36
6.734075 36
0.416862 36
0.042128 36
0.065845 36
0.112800 36
0.063524 36
0.119050 36
0.063232 36
0.074490 36
0.061512 36
0.053822 36
0.069960 36
0.481614 36
0.097300 36
0.034272 36
0.051824 36
0.053134 36
0.044834 36
0.047852 36
0.050133 36
0.058773 36
36.103419 36
0.062590 36
0.057102 36
0.025918 36
0.048203 36
0.033559 36
0.050922 36
0.027091 36
0.056890 36
0.038085 36
0.348362 36
0.055971 36
0.055707 36
0.041286 36
0.048903 36
0.043636 36
0.345172 36
0.085252 36
0.040223 36
0.042642 36
0.051888 36
0.049728 36
0.034866 36
0.034558 36
0.037638 36
0.031860 36
0.031313 36
0.038084 36
0.052107 36
0.042581 36
0.034266 36
0.039199 36
0.041353 36
0.075399 36
0.164113 36
42.750000 36
0.376675 36
0.038733 36
0.052371 36
0.053709 36
0.285027 36
0.059263 36
0.066346 36
0.167388 36
5.025663 36
0.052947 36
0.061621 36
0.035627 36
0.057677 36
0.034312 36
0.061580 36
0.056600 36
0.051353 36
0.025764 36
0.048703 36
0.030067 36
0.030869 36
0.032280 36
0.030715 36
0.029041 36
0.052123 36
0.027467 36
0.406256 36
0.082269 36
0.119245 36
2.949644 36
0.040612 36
0.058913 36
0.023584 36
0.030444 36
0.030911 36
0.032591 36
0.030510 36
0.029226 36
0.027140 36
0.031184 36
0.027694 36
0.023630 36
0.025232 36
0.025914 36
0.024578 36
0.023008 36
0.028298 36
0.027022 36
0.028080 36
0.031508 36
0.027002 36
0.027322 36
0.035763 36
0.052930 36
0.044183 36
0.027646 36
0.027458 36
0.024778 36
0.032164 36
0.029229 36
0.025060 36
0.026846 36
0.048273 36
0.027295 36
0.028058 36
0.028940 36
0.028640 36
0.090810 36
0.070621 36
0.273022 36
0.072886 36
0.041550 36
0.083179 36
0.106801 36
0.084838 36
0.084076 36
0.116596 36
0.133207 36
0.099663 36
0.064720 36
0.133612 36
7.749446 36
0.108185 36
0.564690 36
0.146536 36
0.169128 36
0.303612 36
0.128756 36
0.098941 36
0.063766 36
0.041009 36
0.067226 36
41.180796 36
0.047902 36
0.046902 36
0.024097 36
0.025965 36
0.024381 36
0.032440 36
0.028387 36
0.027450 36
0.026022 36
0.022849 36
0.024461 36
0.022558 36
0.024213 36
0.021407 36
0.024984 36
0.027498 36
0.023096 36
0.026844 36
0.095566 36
0.037648 36
0.024251 36
0.023636 36
0.023384 36
0.023678 36
0.032478 36
0.316639 36
0.054506 36
0.032207 36
0.045756 36
0.022303 36
0.042281 36
0.020658 36
0.022018 36
0.037199 36
0.042197 36
0.050357 36
0.096125 36
0.084881 36
0.082726 36
0.051678 36
0.114967 36
0.085925 36
6.849198 36
0.202381 36
0.460619 36
103.283346 1
0.463489 1
0.140528 1
0.771658 1
0.131772 1
1.861767 1
0.470236 1
0.716687 1
1.415313 1
1.072076 1
0.260297 1
0.419984 1
0.236326 1
1.171331 1
10.460346 1
0.119710 1
1.288171 1
0.448319 1
0.181567 1
3.217710 1
10.516403 1
0.135726 1
0.244122 1
0.236030 1
0.628462 1
2.099537 2
0.978137 32
17.923195 25
2.278388 4
0.500984 4
0.030052 4
0.030876 4
0.031047 4
0.031156 4
0.030800 4
0.030216 4
0.032296 4
0.032713 4
0.029132 4
0.032522 4
0.031163 4
0.031200 4
0.031084 4
0.030774 4
0.030297 4
0.030959 4
0.035328 4
0.027021 4
0.031237 4
0.030852 4
0.031575 4
0.032128 4
0.032228 4
0.031322 1
0.029123 1
0.031413 1
0.031254 1
0.043354 1
0.023332 1
0.039305 1
0.026211 1
0.030203 1
22.438179 15
1.571334 2
0.000691 1597
0.052400 32
2.695158 36
0.033461 36
0.020886 36
0.024913 36
0.024006 36
0.024722 36
0.036571 36
0.054044 36
0.049217 36
0.079307 36
0.067764 36
0.031775 36
0.058669 36
0.125207 36
0.135257 36
0.081393 36
0.117617 36
0.100608 36
0.066242 36
0.030368 36
0.039993 36
0.037330 36
0.040187 36
0.045001 36
0.037198 36
0.059593 36
0.060158 36
0.098212 36
0.157994 36
0.181089 36
0.110214 36
0.034781 36
0.100084 36
0.066391 36
0.123241 36
0.078458 36
0.029762 36
0.042876 36
0.119954 36
0.148807 36
0.180249 36
0.076933 36
0.034125 36
0.019870 36
0.023180 36
0.269670 36
0.295869 36
0.122918 36
0.035509 36
0.047349 36
0.056740 36
1.438871 36
0.312808 36
21.249239 36
0.035266 36
0.044396 36
0.060991 36
0.022779 36
0.041056 36
0.023185 36
0.037987 36
0.021097 36
0.040798 36
0.024318 36
0.035793 36
0.024607 36
0.033279 36
0.047744 36
0.048650 36
0.030225 36
0.039638 36
0.018954 36
0.032510 36
0.067928 36
0.050577 36
0.028745 36
0.044884 36
0.032791 36
0.022724 36
0.033257 36
0.064078 36
6.388608 36
0.033135 36
0.051169 36
0.062848 36
0.080480 36
0.054003 36
0.049108 36
0.082212 36
0.081458 36
0.067788 36
0.065712 36
0.084427 36
0.203493 36
35.590548 1
0.111457 1
0.296009 1
0.180123 1
0.628337 1
0.203345 1
0.636137 1
2.559666 1
0.136585 1
0.263718 1
0.319891 1
0.860009 1
0.463782 1
0.584339 1
0.191740 1
8.933675 2
0.022288 145
13.061018 15
1.975313 4
0.513194 4
0.030655 4
0.031288 4
0.030805 4
0.031970 4
0.030985 4
0.031770 4
0.029572 4
0.030510 4
0.030780 4
0.031404 4
0.030881 4
0.031016 4
0.030853 4
0.031139 1
0.031066 1
0.030693 1
0.030285 1
0.030438 1
0.032292 1
0.030292 1
0.030747 1
17.174658 15
0.839141 1533
33.369005 15
0.447799 18
0.707609 15
0.627091 18
0.309324 15
0.523319 31
1.816783 43
0.802259 4
0.500577 4
0.029791 4
0.031435 4
0.030114 4
0.030718 4
0.030261 4
0.030552 4
0.030581 4
0.030344 4
0.030591 4
0.030382 4
0.030336 4
0.030154 1
0.030906 1
0.030414 1
0.030659 1
0.030719 1
0.031036 1
0.030176 1
0.031602 1
0.030327 1
0.031536 1
0.030523 1
0.031251 1
0.031438 1
1.027297 1
0.155813 1
0.248219 1
0.164115 1
0.223792 1
0.256135 1
1.564434 1
0.683642 1
0.144229 1
0.283655 1
0.368170 1
0.480785 1
0.599588 1
0.483806 1
0.467820 1
4.880255 2
0.092471 113
0.000257 32
162.943519 26
15.062833 2
0.041573 63
0.177776 15
0.000328 32
584.336029 1
0.243855 1
0.159901 1
1.468207 1
0.980395 1
0.255570 1
0.183849 1
1.696211 1
5.675928 1
0.548028 1
0.300073 1
0.247815 1
0.299989 1
41.400330 1
1.295904 1
0.643998 1
0.163798 1
0.251946 1
0.260225 1
0.147886 1
2.676144 2
0.040961 90
0.018640 74
0.000018 2
0.019506 15
0.002586 32
84.824885 25
1.750187 2
0.065184 32
55.501911 1
0.156074 1
0.216277 1
0.371422 1
1.084198 2
0.099069 634
0.000222 32
2218.697071 1
0.100718 1
0.159517 1
0.416268 1
11.700454 1
0.443636 1
1.119897 1
0.452130 1
0.115539 1
0.291900 1
2.192237 1
0.595828 1
0.160206 1
3.245237 2
0.000470 106
17.386018 36
0.066578 36
0.057169 36
0.055032 36
0.046804 36
0.131693 36
0.142187 36
0.131585 36
0.167503 36
0.334778 36
0.165844 36
0.200174 36
0.083064 36
0.081884 36
0.167656 36
0.203791 36
0.062687 36
0.833460 36
98.699529 36
0.062181 36
0.038361 36
0.034627 36
0.042202 36
0.029669 36
0.055788 36
0.029081 36
0.033375 36
0.054838 36
0.028161 36
0.035949 36
0.029914 36
0.055961 36
0.066705 36
0.081296 36
0.116065 36
3.106487 1
0.123701 1
0.207993 1
0.260476 1
0.931929 1
1.239875 1
0.168147 1
14.444104 1
0.207894 1
0.476659 1
7.071013 1
0.128076 1
0.491826 1
0.132131 1
4.789599 636
0.000236 32
20.677907 1
0.376015 1
0.223974 1
0.435874 1
0.872730 8
