0.022917 32
17.378018 33
2.941005 2
0.063263 32
96.787922 1
0.127838 1
0.348385 1
0.195700 1
0.632114 1
0.684448 1
0.643745 1
1.048251 1
0.706940 1
0.356562 1
0.731843 1
0.448182 1
0.243875 1
6.204973 2
0.002262 45
10.964437 62
5.560645 2
0.050880 54
0.000291 32
9.752575 1
0.202434 1
0.789514 1
0.463961 1
0.248188 1
0.359872 1
0.328077 1
0.391829 1
0.204298 1
1.796814 2
0.084796 2
6.413905 1
0.196157 1
0.243857 1
0.480324 1
0.811730 1
1.605675 4
0.795429 4
1.543067 3
0.316073 3
0.211886 6
0.203927 3
0.212088 3
0.219862 6
0.228245 3
0.379750 3
1.036125 1
1.847800 1
0.284480 1
5.212499 2
0.001925 76
9.133806 2
0.005377 45
15.274068 62
5.320008 2
0.067181 54
0.000119 2
77.774088 1
0.162783 1
0.855722 1
0.148159 1
1.268587 2
0.002724 32
4.228357 26
2.553579 2
0.149028 32
58.341131 51
16.439706 2
0.043178 32
37.091598 23
1.745716 2
0.194020 32
16.974126 28
4.440371 2
0.142765 32
30.758834 15
2.210417 2
0.036878 32
10.291509 23
1.027146 2
0.001860 76
0.025848 32
11.352733 23
0.999629 2
0.124499 32
99.491741 23
1.064282 1
0.220255 1
0.167561 1
0.176643 1
0.167761 1
0.155556 1
0.192723 1
0.474256 19
0.192082 19
0.176165 19
0.223811 19
0.247981 19
0.640073 15
0.456252 15
0.387719 15
0.184307 15
0.199951 15
0.519972 15
0.343975 15
1.538239 80
0.179594 32
19.145838 26
1.628294 2
0.029925 32
52.786714 16
1.889390 2
0.018873 32
9.075893 16
1.738133 2
0.025789 76
0.004019 2
0.000072 103
0.000033 2
0.107574 32
6.407472 1
0.740024 1
0.940054 1
0.455729 1
2.624684 8
