0.153316 60
12.783659 1
0.115862 1
0.168245 1
0.674915 1
0.874997 1
0.151680 1
0.211479 1
0.308517 1
0.541091 1
0.275710 1
6.281088 2
0.616730 25
0.254935 81
0.000062 2
0.000027 3
0.000024 2
0.000025 15
0.000023 2
0.000024 40
0.000024 2
0.000023 3
0.000042 2
0.000025 19
0.000024 2
0.000024 63
0.000025 2
0.000009 40
0.000008 2
0.000008 3
0.000007 2
0.000008 22
0.000020 2
0.000008 80
0.000007 2
0.000008 3
0.000007 2
0.000007 51
0.000008 2
0.000007 3
0.000007 2
0.000008 27
0.000007 2
0.000007 52
0.000008 2
0.000007 3
0.000007 2
0.000007 80
0.000008 2
0.000007 3
0.000007 2
0.000007 29
0.000008 2
0.000007 3
0.000007 2
0.000007 26
0.000008 2
0.000007 3
0.000007 2
0.000007 28
0.000007 2
0.000008 73
11.860051 822
0.056727 850
0.035990 855
0.063393 899
0.058784 904
0.122904 929
0.059588 934
0.082712 962
0.126483 967
0.091026 994
9.668852 28
0.000741 60
1.488343 10
0.438020 1
0.201005 1
0.170746 1
0.193568 1
0.180040 1
0.191696 1
1.480346 13
0.990158 13
1.023402 2
0.112677 78
0.000049 2
0.000057 125
0.000028 2
0.000451 60
7.052958 64
0.047239 64
0.021351 64
0.045919 64
0.026589 64
0.027216 64
0.025673 64
0.024865 64
0.025232 64
0.039515 64
0.024565 64
0.042880 64
0.039179 64
0.565599 64
0.066512 64
0.066819 64
20.462890 12
0.357379 1
0.204267 1
0.166605 1
0.168702 1
0.171213 1
0.175699 1
0.181174 1
0.215006 1
1.352924 3
0.187090 19
1.244305 15
0.146827 15
14.418886 2
0.020706 25
0.056307 81
0.000171 2
0.000032 3
0.000027 2
0.000027 15
0.000027 2
0.000027 40
0.000028 2
0.000026 3
0.000027 2
0.000027 19
0.000027 2
0.000027 63
0.000028 2
0.000027 40
0.000027 2
0.000027 3
0.000026 2
0.000027 22
0.000027 2
0.000027 80
0.000027 2
0.000026 3
0.000027 2
0.000027 51
0.000026 2
0.000027 3
0.000026 2
0.000027 27
0.000026 2
0.000027 52
0.000027 2
0.000027 3
0.000041 2
0.000028 80
0.000027 2
0.000027 3
0.000027 2
0.000027 29
0.000027 2
0.000027 73
3.319634 754
0.037057 782
0.053211 787
0.042705 817
0.146916 822
16.079339 28
0.000743 60
20.888648 13
1.909643 1
0.499786 1
0.031421 1
0.031106 1
0.030375 1
0.029988 1
0.031764 1
0.759270 19
0.175960 19
0.199165 17
0.185285 19
0.179642 19
0.180011 19
0.303599 1
0.728593 15
0.368300 15
0.347605 15
0.545885 15
513.590469 3
0.295463 3
0.208451 3
0.191998 3
0.500953 3
0.030737 3
0.034633 3
0.031735 1
0.031013 1
0.031311 1
0.031403 1
0.031949 1
0.031570 1
0.031957 1
0.031148 1
0.032014 1
0.032170 1
3.016884 2
1.534962 222
0.045541 135
0.001043 165
0.000061 46
0.000041 42
0.000042 62
0.000041 38
0.000043 84
0.000042 78
0.000072 208
0.000044 76
0.000042 80
0.000043 85
0.000040 59
0.000043 81
0.000043 86
0.000042 72
0.000552 6
16.370663 144
10.476733 1
0.559735 1
0.154988 1
0.372932 1
0.980517 1
0.135841 1
0.281288 1
0.640272 1
0.387583 1
0.287363 1
0.280924 1
0.300248 1
0.542290 1
5.130155 2
0.042999 44
0.000135 2
0.000456 60
14.016366 1
0.562367 1
0.359376 1
0.273398 1
2.484690 8
