0.037285 60
27.544136 1
0.424190 1
0.491584 1
0.214154 1
0.211347 1
0.911211 1
1.684923 1
0.138243 1
0.828505 1
0.531506 1
0.436145 1
0.235638 1
18.910597 2
0.265936 60
2.370136 1
0.111322 1
0.234495 1
1.152110 1
0.149110 1
0.215094 1
0.347738 1
0.130675 1
0.157694 1
0.797795 76
16.391186 1
0.186327 1
0.280531 1
0.581690 96
7.097007 1
0.157072 1
0.612066 4
0.171754 4
0.384582 1
0.117001 1
0.730896 1
0.271891 1
0.225176 1
0.456582 62
3.430112 1
0.123444 1
0.221956 1
0.400476 75
37.485515 1
0.110821 1
0.219567 1
1.888393 1
0.121218 1
0.212674 1
0.331828 1
0.113356 1
0.166916 1
2.129689 76
1.550140 1
0.159796 1
0.207923 1
2.658187 96
2.463310 1
0.506465 1
0.719602 1
0.340465 1
4.302249 8
