0.743247 60
38.523272 80
13.181766 1
0.211025 1
0.239646 1
2.685520 1
0.879482 13
0.348953 13
0.219860 13
0.215110 13
0.435660 13
0.924730 9
4.413632 1
0.500807 1
0.031142 1
0.030136 1
0.032696 1
0.030545 240
0.030987 1
0.030293 1
0.030972 1
0.031118 1
0.030500 1
0.031499 1
0.030845 1
0.031224 1
0.030657 1
0.031564 1
0.031518 1
0.031193 1
0.030774 1
0.031532 1
0.031250 1
0.030593 1
0.030698 1
0.031565 1
0.030391 1
0.031245 1
0.031060 1
0.030984 1
0.031565 1
0.031152 1
0.031470 1
0.030341 1
0.031466 1
0.030674 1
0.031082 1
0.031580 1
0.031259 1
0.030230 1
0.031362 1
0.030562 1
0.030736 1
0.033592 1
0.031622 1
0.031115 1
0.031869 1
0.032066 1
0.031591 1
0.032324 1
0.032077 1
0.216330 1
0.278386 1
1.328882 178
0.184329 175
0.203812 172
0.315814 169
2.684126 166
1.080252 165
11.951995 125
40.965136 77
4.510544 1
0.499898 1
0.031985 1
0.031078 1
0.031012 1
0.030788 1
0.031499 1
0.030353 1
0.031662 1
0.030453 1
0.031343 240
0.030679 1
0.032326 1
0.031672 1
0.031374 1
0.031506 1
0.031199 1
0.032373 1
0.031647 1
0.030156 1
0.031342 1
0.032080 1
3.370940 3
0.589375 3
0.469261 251
0.380353 248
0.259348 245
0.712694 242
0.712001 241
1.658454 1
0.503846 1
0.033446 1
0.030978 1
0.031217 1
0.031502 1
0.031888 1
0.031474 1
0.031377 1
0.031692 1
0.031391 1
0.031196 1
0.031542 1
0.031813 1
0.031092 1
0.030654 1
0.287946 1
0.300069 1
1.340282 206
0.215122 203
0.264178 200
0.364750 197
0.713563 196
1.117958 1
0.497967 1
0.031719 1
0.033133 1
0.031525 1
0.031721 1
0.031650 1
0.030915 1
0.030801 1
0.031155 1
0.031974 1
0.031518 1
1.529344 1
0.497975 1
0.030740 1
0.030740 1
0.033443 1
0.030316 1
0.030962 1
0.357047 1
2.197970 122
25.313665 149
2.572096 240
0.542895 1
0.222325 1
0.292382 1
0.540276 1
0.752510 3
0.856755 243
0.349944 13
0.380019 13
0.400525 13
1.003754 9
1.948171 1
0.691853 1
0.498941 1
0.033814 1
0.030385 1
0.031057 1
0.031798 1
0.031991 1
0.030995 1
0.031721 1
0.031960 1
0.030768 1
0.032153 1
0.493450 1
0.234905 1
2.295549 43
0.297054 43
0.385577 43
0.502275 43
0.768168 39
1.107871 1
0.497475 1
0.031861 1
0.279957 1
1.382713 3
0.740113 49
0.273513 49
0.298035 49
0.350480 49
0.989906 45
1.320783 1
0.502507 1
0.032557 1
0.031582 1
0.031586 1
0.032171 1
0.030332 1
0.031709 1
0.031858 1
0.030522 1
0.033220 1
1.300272 1
0.263488 1
0.253757 1
0.782793 1
1.603898 3
2.231014 5
0.303923 5
0.271746 5
0.267917 5
0.711839 5
1.097314 1
0.496153 1
0.031821 1
0.396348 1
0.655449 3
0.506269 5
0.236288 5
0.239862 5
0.256286 5
1.172474 5
1.308789 1
0.502815 1
0.033328 1
0.029828 1
1.709427 3
7.363092 5
0.326083 5
1.430431 5
0.194203 5
0.749599 5
1.475358 1
0.501248 1
0.033901 1
0.030331 1
0.032090 1
0.031674 1
0.031244 1
0.031146 1
0.334602 1
0.254630 1
0.243820 1
0.217621 1
0.218493 1
0.437211 1
0.226737 1
0.206385 1
0.222627 1
1.135286 5
0.631992 5
0.605749 5
1.135331 502
1.076584 8
2.214363 240
0.308087 1
0.232930 1
1.436004 257
0.259585 255
0.276267 253
0.315230 251
1.069369 254
1.301000 1
0.241551 1
0.215740 1
0.549072 245
0.224383 243
0.251684 241
0.315592 239
0.692734 242
1.314127 1
1.832754 1
0.215337 1
0.206121 1
0.221496 1
0.189100 1
0.207795 1
0.206872 1
0.221413 1
0.220159 1
1.312548 1
0.502874 1
0.031875 1
0.030117 1
0.031224 1
0.031677 1
0.031226 1
0.032971 1
0.031687 1
0.031206 1
0.032134 1
0.031526 1
0.031789 1
0.031690 1
0.244990 1
0.248212 1
0.188510 1
0.498765 1
0.031164 1
0.030937 1
0.030725 1
0.030769 1
0.031174 1
0.030942 1
0.030748 1
0.760591 169
0.236787 167
0.243841 165
0.338880 163
0.634931 166
4.065349 166
13.308419 1
0.157609 1
0.860136 1
0.118534 1
23.475469 8
